[InitialPoses]
grid_1: [1.425, 24.375]
grid_2: [1.425, 24.375, 12.825, 18.675]
grid_4: [1.425, 24.375, 12.825, 7.275, 24.375, 24.375, 12.825, 18.675]
grid_4_a: [1.5, 1.5, 1.5, 0.7, 0.7, 1.5, 0.7, 0.7]
grid_5: [1.425, 13.0, 7.275, 13.0, 12.825, 13.0, 18.525, 13.0, 24.375, 13.0]
grid_6: [18.525, 24.375, 12.825, 12.975, 1.425, 7.275, 7.125, 18.675, 1.425, 24.375, 7.125, 7.275]
grid_8: [1.425, 7.275, 7.125, 7.275, 24.225, 7.275, 7.125, 18.675, 1.425, 23.375, 12.825, 1.575, 24.2, 24.38, 12.825, 12.975]
grid_10: [12.825, 24.375, 7.125, 7.275, 1.425, 18.675, 7.125, 18.675, 1.425, 24.375, 12.825, 1.575, 24.225, 24.375, 12.825, 12.975, 18.525, 7.275, 24.225, 1.575]
grid_12: [12.825, 24.375, 7.125, 7.275, 1.425, 18.675, 7.125, 18.675, 1.425, 24.375, 12.825, 1.575, 24.225, 24.375, 12.825, 12.975, 18.525, 7.275, 24.225, 1.575, 1.425, 1.575, 18.525, 18.675]
example_1: [42.45, 19.80]
example_2: [23.40, 12.90, 3.90, 27.60 ]
example_4: [5.1, 3.75, 14.4, 28.05, 32.70, 15.6, 3.90, 27.6]
example_4_a: [6.0, 3.75, 9.0, 3.75, 12.0, 3.75, 15.0, 3.75]
example_6: [32.55, 27.0, 10.65, 23.40, 23.4, 6.9, 3.9, 27.6, 5.1, 3.75, 27.6, 23.1]
example_8: [42.45, 19.80, 27.60, 23.10, 37.95, 22.80, 10.65, 23.40, 38.10, 3.90, 14.55, 16.75, 15.55, 14.75, 3.90, 27.60]
example_10: [32.55, 27.0, 10.65, 23.40, 23.4, 6.9, 3.9, 27.6, 5.1, 3.75, 27.6, 23.1, 31.25, 9.75, 42.3, 15.15, 6.75, 8.7, 38.1, 3.9]
example_12: [32.55, 27.0, 10.65, 23.40, 23.4, 6.9, 3.9, 27.6, 5.1, 3.75, 27.6, 23.1, 31.25, 9.75, 42.3, 15.15, 6.75, 8.7, 38.1, 3.9, 23.4, 12.9, 11.55, 28.5]
cumberland_1: [2.325, 21.675]
cumberland_2: [22.8, 21.975, 2.325, 21.675]
cumberland_4: [49.875, 11.325, 2.325, 21.675, 22.8, 21.975, 26.25, 18.525]
cumberland_4_a: [49.0, 11.0, 49.0, 10.0, 49.0, 9.0, 49.0, 8.0]
cumberland_4_b: [3.0, 12.0, 6.0, 12.0, 9.0, 12.0, 12.0, 12.0]
cumberland_4_c: [22.0, 21.0, 24.0, 21.0, 22.0, 23.0, 24.0, 23.0]
cumberland_6: [38.625, 16.5, 26.25, 18.525, 46.0, 24.5, 2.325, 21.675, 21.525, 25.05, 23.1, 12.0]
cumberland_8: [46.0, 24.5, 2.325, 21.675, 22.8, 21.975, 37.05, 10.875, 44.0, 11.0, 10.725, 12.0, 41.775, 30.375, 16.575, 12.375]
cumberland_10: [35.175, 22.575, 16.575, 14.5, 22.125, 27.525, 27.975, 12.075, 46.8, 21.9, 6.15, 21.0, 40.0, 34.0, 18.5, 12.375, 40.65, 3.225, 6.15, 12.0]
cumberland_12: [35.175, 22.575, 16.575, 14.5, 22.125, 27.525, 27.975, 12.075, 46.8, 21.9, 6.15, 21.0, 21.525, 25.05, 18.5, 12.375, 40.65, 3.225, 6.15, 12.0, 41.775, 30.375, 35.025, 15.975]
1r5_1: [10.15, 7.60]
1r5_2: [4.4, 9.6, 2.7, 4.05 ]
1r5_4: [5.8, 7.35, 1.00, 7.50, 2.00, 2.00, 10.15, 7.60 ]
broughton_1: [28.5, 9.5]
broughton_2: [28.5, 9.5, 75.5, 63.5]
broughton_4: [28.5, 9.5, 39.0, 20.0, 72.0, 19.5, 75.5, 63.5]
broughton_6: [28.5, 9.5, 39.0, 20.0, 52.0, 19.5, 72.0, 19.5, 72.0, 40.0, 75.5, 63.5]
broughton_8: [28.5, 9.5, 39.0, 20.0, 52.0, 19.5, 72.0, 19.5, 72.0, 40.0, 75.5, 63.5, 56.0, 63.5, 92.0, 63.5]
DIAG_labs_1: [9.5, 22.0]
DIAG_labs_2: [9.5, 22.0, 18.5, 7.5]
DIAG_labs_4: [9.5, 22.0, 18.5, 7.5, 9.5, 33.0, 38.5, 7.0]
DIAG_labs_6: [9.5, 22.0, 18.5, 7.5, 9.5, 33.0, 38.5, 7.0, 9.5, 13.0, 29.0, 7.0]
DIAG_labs_8: [9.5, 22.0, 18.5, 7.5, 9.5, 33.0, 38.5, 7.0, 9.5, 13.0, 29.0, 7.0, 9.5, 7.0, 46.0, 7.0]
DIAG_floor1_2: [12.0, 11.0, 102.0, 12.0]
DIAG_floor1_4: [12.0, 11.0, 102.0, 12.0, 12.0, 35.0, 102.5, 36.0]
DIAG_floor1_6: [12.0, 11.0, 102.0, 12.0, 12.0, 35.0, 102.5, 36.0, 66.0, 11.5, 48.5, 11.0]
DIAG_floor1_8: [12.0, 11.0, 102.0, 12.0, 12.0, 35.0, 102.5, 36.0, 66.0, 11.5, 48.5, 11.0, 12.0, 24.0, 102.0, 24.0 ]
ctcv_3: [24.0, 0.5, -0.5, 2.0, -28.0, 3.0]
move_base_arena_3: [-4.0, -4.0, 1.5, 4.0, 4.25, -3.5]