235
0
1
2
1
4
3
4
5
6
7
6
8
6
5
13
11
13
15
14
15
18
19
26
19
23
19
18
32
58
57
58
62
58
32
41
46
56
46
47
55
47
64
47
46
41
28
27
24
27
40
38
31
38
39
45
37
45
49
48
49
50
60
50
59
50
49
45
39
42
43
42
44
42
39
38
40
52
51
52
53
54
53
63
61
63
65
63
53
52
40
27
28
23
21
22
21
20
25
30
29
30
35
30
25
33
34
33
36
33
25
20
17
10
17
16
9
16
12
16
9
16
17
10
17
20
25
33
36
33
34
33
25
30
35
30
29
30
25
20
21
22
21
23
28
27
40
52
53
63
65
63
61
63
53
54
53
52
51
52
40
38
39
42
44
42
43
42
39
45
49
50
59
50
60
50
49
48
49
45
37
45
39
38
31
38
40
27
24
27
28
41
46
47
64
47
55
47
46
56
46
41
32
58
62
58
57
58
32
18
19
23
19
26
19
18
15
14
15
13
11
13
5
6
8
6
7
6
5
4
3
4
1
2
1
0
